
Coins: 1,5
3 4 5 6 7 8 9

Coins: 1,5,10
4 6 9 12 16 20 25

Coins: 1,5,10

Expansion of 1/((1-x)^2*(1-x^2))

Coins: 1,5,10,15
2 4 7 11 16 23 31 41 53 67 83 102 123 147 174 204 237 274 314 358
2 3 4 5  7  8  10 12 14 16 19 21  24  27  30  33  37  40  44
1 1 1 2  1  2  2  2  2  3  2  3   3   3   3   4   3   4
0 0 1 -1 1  0  0  0  1 -1  1  0   0   0   1   -1  1   0
Expansion of 1/((1-x)^2*(1-x^2)*(1-x^3)). 

Coins: 1, 5, 10, 20
2 4 6 10 14 20 26 35 44 56 68 84 100 120 140 165 190 220 250 286
2 2 4 4  6  6  9  9  12 12 16 16 20  20  25  25  30  30  36
0 2 0 2  0  3  0  3  0  4  0  4  0   5   0   5   0   6
Expansion of 1/((1-x)^2*(1-x^2)*(1-x^4))
